===	Donor	counts	===																																																																																																																																																																																																																																																																				
donor	AA	AC	AG	AT	CA	CC	CG	CT	GA	GC	GG	GT	NN	TA	TC	TG	TT																																																																																																																																																																																																																																																						
event_type																																																																																																																																																																																																																																																																							
A3SS	462	217	228	385	224	140	85	339	249	166	141	6326	4	295	246	255	411																																																																																																																																																																																																																																																						
A3and5SS	27	8	16	22	15	10	13	50	15	19	12	84	1	17	15	10	25																																																																																																																																																																																																																																																						
A5SS	247	120	124	196	131	64	56	224	126	121	71	3297	4	194	140	134	246																																																																																																																																																																																																																																																						
AFE	95	59	67	91	59	36	17	179	55	56	37	822	3	92	66	60	104																																																																																																																																																																																																																																																						
ALE	96	43	52	84	50	25	23	140	57	44	31	474	4	87	52	61	102																																																																																																																																																																																																																																																						
MXE	2	1	0	0	1	1	0	1	0	0	0	10	2	2	0	1	1																																																																																																																																																																																																																																																						
RI_intron	149	56	82	116	86	60	39	61	77	37	36	63	3	676	166	241	309																																																																																																																																																																																																																																																						
RI_spliced	64	34	33	59	31	15	12	41	49	37	20	620	3	43	35	38	77																																																																																																																																																																																																																																																						
SE	167	71	88	177	109	45	31	102	102	75	56	1206	1	132	99	106	207																																																																																																																																																																																																																																																						
constitutive	466	189	220	387	257	155	86	292	238	273	139	7945	3	305	267	240	512																																																																																																																																																																																																																																																						
																																																																																																																																																																																																																																																																							
===	Acceptor	counts	===																																																																																																																																																																																																																																																																				
acceptor	AA	AC	AG	AT	CA	CC	CG	CT	GA	GC	GG	GT	NN	TA	TC	TG	TT																																																																																																																																																																																																																																																						
event_type																																																																																																																																																																																																																																																																							
A3SS	478	315	6351	380	223	138	92	217	254	125	126	201	3	273	265	252	480																																																																																																																																																																																																																																																						
A3and5SS	19	49	92	18	9	7	6	20	10	13	9	13	1	20	18	14	41																																																																																																																																																																																																																																																						
A5SS	215	226	3383	189	153	70	58	133	130	67	66	114	4	158	136	135	258																																																																																																																																																																																																																																																						
AFE	96	158	844	80	75	32	21	71	63	42	35	53	3	79	64	58	124																																																																																																																																																																																																																																																						
ALE	92	133	501	82	76	23	27	59	59	29	31	39	3	53	54	59	105																																																																																																																																																																																																																																																						
MXE	1	1	10	0	1	0	0	1	0	0	0	0	2	3	0	2	1																																																																																																																																																																																																																																																						
RI_intron	275	59	78	95	626	40	26	74	109	50	48	65	2	381	86	86	157																																																																																																																																																																																																																																																						
RI_spliced	74	37	631	56	38	19	17	40	34	20	19	42	2	51	29	33	69																																																																																																																																																																																																																																																						
SE	169	92	1237	158	116	52	41	98	92	49	50	77	1	125	113	98	206																																																																																																																																																																																																																																																						
constitutive	493	278	8104	366	285	131	86	245	249	117	146	217	2	310	247	238	460																																																																																																																																																																																																																																																						
																																																																																																																																																																																																																																																																							
===	Splice	motif	counts	===																																																																																																																																																																																																																																																																			
splice_pair	AA-AA	AA-AC	AA-AG	AA-AT	AA-CA	AA-CC	AA-CG	AA-CT	AA-GA	AA-GC	AA-GG	AA-GT	AA-TA	AA-TC	AA-TG	AA-TT	AC-AA	AC-AC	AC-AG	AC-AT	AC-CA	AC-CC	AC-CG	AC-CT	AC-GA	AC-GC	AC-GG	AC-GT	AC-TA	AC-TC	AC-TG	AC-TT	AG-AA	AG-AC	AG-AG	AG-AT	AG-CA	AG-CC	AG-CG	AG-CT	AG-GA	AG-GC	AG-GG	AG-GT	AG-TA	AG-TC	AG-TG	AG-TT	AT-AA	AT-AC	AT-AG	AT-AT	AT-CA	AT-CC	AT-CG	AT-CT	AT-GA	AT-GC	AT-GG	AT-GT	AT-TA	AT-TC	AT-TG	AT-TT	CA-AA	CA-AC	CA-AG	CA-AT	CA-CA	CA-CC	CA-CG	CA-CT	CA-GA	CA-GC	CA-GG	CA-GT	CA-TA	CA-TC	CA-TG	CA-TT	CC-AA	CC-AC	CC-AG	CC-AT	CC-CA	CC-CC	CC-CG	CC-CT	CC-GA	CC-GC	CC-GG	CC-GT	CC-TA	CC-TC	CC-TG	CC-TT	CG-AA	CG-AC	CG-AG	CG-AT	CG-CA	CG-CC	CG-CG	CG-CT	CG-GA	CG-GC	CG-GG	CG-GT	CG-TA	CG-TC	CG-TG	CG-TT	CT-AA	CT-AC	CT-AG	CT-AT	CT-CA	CT-CC	CT-CG	CT-CT	CT-GA	CT-GC	CT-GG	CT-GT	CT-TA	CT-TC	CT-TG	CT-TT	GA-AA	GA-AC	GA-AG	GA-AT	GA-CA	GA-CC	GA-CG	GA-CT	GA-GA	GA-GC	GA-GG	GA-GT	GA-TA	GA-TC	GA-TG	GA-TT	GC-AA	GC-AC	GC-AG	GC-AT	GC-CA	GC-CC	GC-CG	GC-CT	GC-GA	GC-GC	GC-GG	GC-GT	GC-TA	GC-TC	GC-TG	GC-TT	GG-AA	GG-AC	GG-AG	GG-AT	GG-CA	GG-CC	GG-CG	GG-CT	GG-GA	GG-GC	GG-GG	GG-GT	GG-TA	GG-TC	GG-TG	GG-TT	GT-AA	GT-AC	GT-AG	GT-AT	GT-CA	GT-CC	GT-CG	GT-CT	GT-GA	GT-GC	GT-GG	GT-GT	GT-TA	GT-TC	GT-TG	GT-TT	NN-AA	NN-AT	NN-NN	NN-TA	NN-TG	TA-AA	TA-AC	TA-AG	TA-AT	TA-CA	TA-CC	TA-CG	TA-CT	TA-GA	TA-GC	TA-GG	TA-GT	TA-TA	TA-TC	TA-TG	TA-TT	TC-AA	TC-AC	TC-AG	TC-AT	TC-CA	TC-CC	TC-CG	TC-CT	TC-GA	TC-GC	TC-GG	TC-GT	TC-TA	TC-TC	TC-TG	TC-TT	TG-AA	TG-AC	TG-AG	TG-AT	TG-CA	TG-CC	TG-CG	TG-CT	TG-GA	TG-GC	TG-GG	TG-GT	TG-TA	TG-TC	TG-TG	TG-TT	TT-AA	TT-AC	TT-AG	TT-AT	TT-CA	TT-CC	TT-CG	TT-CT	TT-GA	TT-GC	TT-GG	TT-GT	TT-TA	TT-TC	TT-TG	TT-TT		
event_type																																																																																																																																																																																																																																																																							
A3SS	58	24	26	50	17	16	8	36	25	18	15	24	40	28	26	51	24	11	8	26	18	4	7	13	7	6	6	17	16	14	15	25	22	19	14	22	8	6	5	14	20	6	5	16	10	21	16	24	53	26	17	34	26	13	7	16	30	7	15	19	33	24	12	53	28	8	9	22	17	8	9	12	19	9	6	8	17	15	16	21	19	10	6	10	7	7	1	4	8	5	4	9	12	9	9	20	6	3	2	5	10	1	2	10	5	6	4	4	8	3	5	11	24	114	18	28	13	11	5	9	15	11	4	8	15	19	17	28	35	13	13	17	13	11	5	11	19	5	9	13	16	18	15	36	16	5	63	14	6	3	3	2	4	3	5	6	3	7	10	16	19	3	5	16	9	7	8	12	4	5	1	3	9	6	12	22	17	9	6101	41	9	9	2	8	14	8	10	16	16	16	22	28	0	0	3	1	0	34	17	21	23	17	8	9	14	19	9	14	11	16	20	25	38	30	16	14	22	19	10	4	16	16	10	8	12	13	19	14	23	36	16	12	18	13	10	8	11	16	9	7	12	19	22	16	30	57	21	22	32	21	14	9	29	33	8	13	23	29	24	22	54	10173	59,97247616
A3and5SS	5	0	1	1	1	2	0	2	0	4	0	2	2	2	0	5	0	1	0	0	1	0	0	0	0	0	0	1	1	3	0	1	1	2	0	0	0	1	1	1	0	2	0	2	2	1	1	2	2	0	0	0	1	0	1	1	3	0	0	1	2	2	3	6	0	2	0	2	0	1	0	1	0	0	1	0	2	2	1	3	1	0	2	1	1	0	1	1	1	0	0	1	0	0	1	0	0	1	0	2	2	0	0	3	1	1	0	0	1	0	1	1	1	37	0	1	2	1	0	1	0	4	0	0	1	0	0	2	0	1	0	0	0	1	1	2	1	0	2	2	0	2	1	2	0	0	10	1	0	0	2	0	0	0	1	0	3	0	0	2	0	1	1	2	0	0	0	1	0	1	2	1	0	0	1	2	1	0	76	1	0	0	0	0	0	0	0	1	1	1	0	3	0	0	1	0	0	4	1	1	0	0	1	0	2	1	0	1	0	3	0	0	3	1	1	0	3	1	0	0	0	1	0	2	1	0	1	2	2	2	1	0	1	0	0	0	2	0	0	0	0	1	2	0	1	1	1	1	3	0	0	0	3	2	1	0	1	1	2	3	6	359	21,16991643
A5SS	29	8	17	23	20	5	3	13	20	10	11	14	15	18	14	27	16	6	6	13	12	4	5	7	3	7	0	4	10	8	4	15	9	8	7	11	11	5	2	8	10	5	2	11	6	4	12	13	15	17	6	19	15	7	3	15	13	5	8	11	16	12	10	24	10	10	12	11	13	3	4	10	6	4	6	4	11	5	4	18	6	4	1	7	4	2	1	4	3	4	1	3	2	2	5	15	6	5	2	2	4	2	2	6	3	0	1	3	3	3	2	12	5	119	10	7	5	6	2	10	6	8	1	6	10	10	5	14	14	5	8	17	4	4	1	5	11	2	6	5	12	6	8	18	5	4	69	8	5	3	0	2	2	0	0	0	6	6	3	8	12	4	8	3	7	2	4	2	2	1	1	3	8	9	3	2	12	5	3194	9	5	5	2	6	3	4	8	4	6	7	16	11	0	0	4	0	0	19	11	7	18	12	4	4	14	9	3	9	14	11	15	19	25	16	5	11	13	4	6	5	9	9	4	3	8	13	9	10	15	13	4	10	12	11	7	9	10	9	3	1	6	5	10	5	19	28	11	15	16	21	5	11	12	21	7	8	18	24	12	15	22	5495	58,1255687
AFE	7	8	2	9	4	4	0	11	10	5	2	8	5	3	8	9	10	2	4	3	4	2	2	5	2	4	0	2	4	5	4	6	7	2	5	1	3	3	3	8	4	4	4	3	6	2	3	9	8	8	3	11	5	4	3	5	8	1	2	5	7	4	5	12	7	5	1	6	5	2	1	3	6	1	2	3	3	4	4	6	6	1	1	2	3	1	1	4	2	1	1	4	2	1	0	6	3	0	0	1	5	0	1	2	0	0	2	0	1	1	0	1	11	110	3	2	6	2	5	2	4	8	2	0	5	5	1	13	4	2	1	6	3	1	0	6	4	3	2	3	5	2	7	6	3	3	23	2	5	1	0	2	2	0	1	1	1	6	0	6	2	1	2	3	3	0	0	3	2	2	2	1	4	2	3	7	3	2	783	4	1	1	0	6	0	1	3	2	3	4	4	5	0	0	3	0	0	7	3	7	9	11	2	2	5	6	2	5	4	11	9	5	4	6	3	4	10	2	5	2	3	6	2	4	1	8	2	3	5	5	3	3	3	3	3	0	1	2	3	3	9	4	6	3	9	7	5	2	8	12	1	1	5	5	5	0	7	10	8	8	20	1898	41,25395153
ALE	7	5	9	14	5	1	3	8	5	3	5	7	7	7	5	5	7	2	1	5	8	0	1	1	5	2	2	0	2	3	2	2	7	4	4	5	4	4	1	1	2	1	0	0	3	4	4	8	7	6	11	8	8	3	4	5	3	1	0	3	6	5	2	12	6	1	1	5	3	1	2	2	4	3	4	0	2	3	2	11	2	1	1	0	1	0	1	4	4	1	1	2	1	0	3	3	4	0	1	2	7	0	1	3	1	0	0	0	2	0	0	2	2	90	1	3	3	1	3	3	2	6	1	3	3	6	5	8	10	4	2	3	7	1	1	5	3	0	4	2	2	3	6	4	3	1	14	1	0	1	0	2	5	1	0	1	1	7	3	4	2	2	0	3	4	2	1	3	3	0	0	1	3	3	1	3	4	2	437	5	1	0	2	6	2	2	1	3	4	1	1	3	0	0	3	0	1	11	1	4	8	15	3	2	3	4	2	2	5	5	4	4	14	5	1	4	2	4	3	3	2	2	1	4	4	4	4	6	3	4	7	4	11	1	1	2	3	5	3	3	4	5	1	3	4	11	6	7	7	5	2	0	8	9	3	4	4	3	3	11	19	1425	30,66666667
MXE	0	0	0	0	1	0	0	0	0	0	0	0	1	0	0	0	0	0	0	0	0	0	0	0	0	0	0	0	1	0	0	0	0	0	0	0	0	0	0	0	0	0	0	0	0	0	0	0	0	0	0	0	0	0	0	0	0	0	0	0	0	0	0	0	0	0	0	0	0	0	0	0	0	0	0	0	0	0	0	1	0	0	0	0	0	0	0	0	0	0	0	0	0	0	1	0	0	0	0	0	0	0	0	0	0	0	0	0	0	0	0	0	0	1	0	0	0	0	0	0	0	0	0	0	0	0	0	0	0	0	0	0	0	0	0	0	0	0	0	0	0	0	0	0	0	0	0	0	0	0	0	0	0	0	0	0	0	0	0	0	0	0	0	0	0	0	0	0	0	0	0	0	0	0	0	0	0	0	10	0	0	0	0	0	0	0	0	0	0	0	0	0	0	0	2	0	0	0	0	0	0	0	0	0	1	0	0	0	0	1	0	0	0	0	0	0	0	0	0	0	0	0	0	0	0	0	0	0	0	1	0	0	0	0	0	0	0	0	0	0	0	0	0	0	0	0	0	0	0	0	0	0	0	0	0	0	0	0	0	1	0	22	45,45454545
RI_intron	19	9	7	10	12	3	1	6	9	6	6	2	18	12	11	18	6	0	4	5	2	2	1	4	6	2	1	6	3	5	3	6	2	4	4	9	9	5	2	7	5	5	4	4	4	4	5	9	6	8	8	8	9	3	3	10	5	3	4	4	12	10	6	17	8	6	5	5	15	2	0	5	4	2	2	6	13	1	3	9	11	1	1	3	6	3	1	3	5	1	0	4	6	6	5	4	6	3	3	3	3	1	0	1	5	1	0	1	4	3	3	2	4	4	2	7	5	2	1	4	3	3	3	4	6	2	6	5	11	5	5	5	8	3	2	4	3	2	2	4	8	3	4	8	4	1	5	4	0	1	2	1	2	2	2	1	1	4	2	5	3	1	5	1	2	3	1	2	0	1	1	1	0	2	3	10	7	2	4	3	9	0	1	3	2	1	7	3	9	3	1	8	0	1	2	0	0	93	3	6	9	317	1	4	4	25	6	3	8	166	4	9	18	17	1	7	9	49	4	5	7	6	2	5	6	21	11	6	10	33	1	2	2	90	3	0	7	15	3	6	3	55	5	9	7	45	10	10	11	90	4	2	6	14	10	2	8	55	11	10	21	2257	0,177226407
RI_spliced	8	2	5	5	4	1	1	7	5	1	0	3	1	6	2	13	2	2	3	4	4	4	0	1	3	0	0	3	3	1	1	3	6	3	0	1	2	0	0	1	3	2	0	2	3	0	4	6	5	3	2	5	2	2	2	2	2	4	3	5	10	0	4	8	6	1	2	2	0	0	0	4	2	0	1	1	0	5	4	3	2	2	1	2	0	0	0	2	1	0	1	0	1	2	0	1	0	1	0	1	0	0	3	2	0	1	0	0	1	1	1	1	9	4	0	4	3	2	1	2	1	1	0	6	2	1	1	4	4	7	3	4	2	1	2	3	2	2	5	3	2	3	1	5	4	0	14	7	3	1	0	0	1	1	0	1	3	0	0	2	2	2	1	1	2	1	0	2	0	2	2	1	2	0	0	2	3	3	587	5	2	3	0	1	2	1	2	1	2	0	5	3	0	0	2	0	1	9	0	3	0	5	3	1	5	2	1	0	3	4	1	4	2	4	2	1	4	5	0	2	4	2	1	1	1	3	2	1	2	3	3	3	3	1	1	1	2	3	0	1	3	7	3	0	4	7	2	6	8	3	0	4	2	5	3	3	9	7	4	4	10	1211	48,47233691
SE	18	14	11	16	14	7	0	9	8	4	5	9	5	12	11	24	8	3	4	8	6	2	1	2	3	1	1	5	4	8	7	8	6	4	3	11	8	2	3	7	5	1	2	6	6	7	3	14	22	12	15	15	11	4	5	13	7	4	10	7	14	13	6	19	7	6	7	14	6	1	4	6	7	1	3	3	11	11	8	14	6	2	2	2	2	2	2	4	4	3	0	0	6	1	5	4	2	0	2	6	1	0	1	2	2	2	3	1	1	1	3	4	12	3	5	6	11	5	2	2	2	1	6	7	8	14	7	11	14	10	7	9	6	2	3	9	6	4	2	3	8	3	2	14	4	3	12	5	3	5	3	2	5	1	2	2	4	5	7	12	3	6	3	3	7	2	1	4	4	4	2	0	6	4	4	3	9	2	1131	9	4	0	3	4	7	0	2	5	5	8	5	12	0	0	1	0	0	11	5	4	12	13	6	3	6	4	6	1	8	14	9	10	20	13	5	3	11	6	6	4	6	5	5	2	3	10	5	5	10	10	2	10	17	6	1	2	7	6	4	1	9	7	5	7	12	24	15	18	14	12	7	4	15	17	8	8	9	16	7	8	25	2774	40,77144917
constitutive	55	27	28	42	30	12	4	31	32	14	19	22	42	29	22	57	28	12	10	14	14	7	2	9	7	10	7	16	12	11	11	19	29	14	15	14	18	8	5	9	20	8	9	10	15	11	15	20	46	31	21	39	26	13	7	28	15	8	12	18	33	28	26	36	38	12	10	20	19	14	9	18	10	8	7	14	17	20	13	28	15	12	11	14	7	8	2	12	9	6	6	9	5	14	8	17	5	2	2	7	9	3	1	6	3	3	6	3	7	10	3	16	31	63	17	15	20	6	4	21	18	6	4	10	19	13	15	30	28	10	15	19	16	10	9	9	12	4	13	17	20	10	20	26	14	4	143	16	12	6	1	10	9	4	7	5	6	8	7	21	19	8	6	13	12	4	5	4	11	5	10	6	12	4	6	14	24	8	7745	25	10	7	7	11	20	4	7	16	11	14	16	20	1	0	2	0	0	39	15	19	31	25	6	6	18	19	10	3	17	31	18	10	38	28	19	16	30	15	7	7	16	18	6	8	12	22	10	24	29	35	14	12	20	24	9	8	10	10	6	6	19	14	9	19	25	58	27	34	47	28	11	9	33	36	15	22	23	44	38	23	64	11974	64,68181059
